2.0000000000000000 0.4684355956910338 0.1870794166476252
3.0000000000000000 0.2461969892953455 0.1351805058563731
4.0000000000000000 0.1429099936804157 0.0935302444264379
5.0000000000000000 0.1008547754546179 0.0609992249134249
6.0000000000000000 0.0685084020845963 0.0430758417669443
7.0000000000000000 0.0788717171177264 0.0319284726473303
8.0000000000000000 0.1102668856742781 0.0272987028430428
9.0000000000000000 0.1418919875316682 0.0277139908273564
10.0000000000000000 0.1789108696528459 0.0313365743557007
11.0000000000000000 0.2224153002252187 0.0376920613816188
12.0000000000000000 0.2420718879495247 0.0482743638352289
13.0000000000000000 0.1553272056109414 0.0435438114261937
14.0000000000000000 0.0412249692621822 0.0168202313671672
