2.0000000000000000 0.9316448987179595 0.4287518956838667
3.0000000000000000 0.4824071237471104 0.2463916260466085
4.0000000000000000 0.1727640131473254 0.0900476287863946
5.0000000000000000 0.0471286670587321 0.0285137519701230
6.0000000000000000 0.0221296030305158 0.0134815499921065
7.0000000000000000 0.0121901618629590 0.0073508904248079
8.0000000000000000 0.0064161834057661 0.0045069870600567
9.0000000000000000 0.0029095830940041 0.0016917241324096
10.0000000000000000 0.0012536842830556 0.0007038081077262
11.0000000000000000 0.0004190451379992 0.0002529751548152
12.0000000000000000 0.0001851157942961 0.0001027517259765
13.0000000000000000 0.0000871135319105 0.0000393082634513
14.0000000000000000 0.0000322029012945 0.0000174677818153
